[Satellite]
VERSION=1.1
NAME=2011-009A
NICKNAME=2011-009A
TLE1=1 37372U 11009A   17186.16343770 -.00000052  00000-0  00000-0 0  9995
TLE2=2 37372  65.4087  64.0264 0006831 236.3001 150.6019  2.13107508 49438
