[Satellite]
VERSION=1.1
NAME=2015-049G
NICKNAME=2015-049G
TLE1=1 40905U 15049G   17186.24855878  .00000349  00000-0  23000-4 0  9992
TLE2=2 40905  97.4506 190.2489 0016884 146.0457 214.1858 15.13552777 98939
