[Satellite]
VERSION=1.1
NAME=3CAT-2
NICKNAME=3CAT-2
TLE1=1 41732U 16051B   17186.24200512  .00001019  00000-0  43724-4 0  9994
TLE2=2 41732  97.3755 102.9638 0013032 203.9962 308.2985 15.24919442 49283
