[Satellite]
VERSION=1.1
NAME=2017-036D
NICKNAME=2017-036D
TLE1=1 42768U 17036D   17186.12461101  .00001756  00000-0  85681-4 0  9994
TLE2=2 42768  97.4488 245.7298 0016067 194.6023 165.4750 15.19527247  1823
