[Satellite]
VERSION=1.1
NAME=2017-036C
NICKNAME=2017-036C
TLE1=1 42767U 17036C   17186.13627461  .00000476  00000-0  26766-4 0  9994
TLE2=2 42767  97.4483 245.7139 0013107 169.8461 190.3040 15.17895332  1812
