[Satellite]
VERSION=1.1
NAME=2017-036B
NICKNAME=2017-036B
TLE1=1 42766U 17036B   17186.19115710  .00000860  00000-0  43734-4 0  9999
TLE2=2 42766  97.4492 245.7948 0016052 190.9236 169.1652 15.19429244  1827
