[Satellite]
VERSION=1.1
NAME=2017-036E
NICKNAME=2017-036E
TLE1=1 42769U 17036E   17186.25574524  .00000482  00000-0  25830-4 0  9998
TLE2=2 42769  97.4491 245.8613 0015470 192.3214 167.7644 15.19583741  1765
