[Satellite]
VERSION=1.1
NAME=2017-036A
NICKNAME=2017-036A
TLE1=1 42765U 17036A   17186.17297937  .00010626  00000-0  80460-4 0  9996
TLE2=2 42765  94.6146 243.0937 0025060 267.4663  92.3738 15.72001234  1908
