[Satellite]
VERSION=1.1
NAME=2017-036J
NICKNAME=2017-036J
TLE1=1 42773U 17036J   17186.12244702  .00001505  00000-0  73359-4 0  9997
TLE2=2 42773  97.4490 245.7333 0014657 192.6932 167.3936 15.19798675  1767
