[Satellite]
VERSION=1.1
NAME=2017-036G
NICKNAME=2017-036G
TLE1=1 42771U 17036G   17186.12327918  .00001658  00000-0  80719-4 0  9993
TLE2=2 42771  97.4490 245.7322 0015120 193.2791 166.8048 15.19693567  1761
