[Satellite]
VERSION=1.1
NAME=2017-036P
NICKNAME=2017-036P
TLE1=1 42778U 17036P   17186.24975790  .00000857  00000-0  42517-4 0  9994
TLE2=2 42778  97.4508 245.8737 0012455 196.4971 163.5860 15.20342935  1771
