[Satellite]
VERSION=1.1
NAME=2017-036N
NICKNAME=2017-036N
TLE1=1 42777U 17036N   17186.11916232  .00001421  00000-0  68629-4 0  9995
TLE2=2 42777  97.4502 245.7406 0013009 195.9784 164.1043 15.20216674  1756
