[Satellite]
VERSION=1.1
NAME=2017-036F
NICKNAME=2017-036F
TLE1=1 42770U 17036F   17186.11539451  .00121808  00000-0  52255-2 0  9990
TLE2=2 42770  97.4503 245.7403 0017200 208.3075 151.7228 15.22067775  1751
