[Satellite]
VERSION=1.1
NAME=2017-036K
NICKNAME=2017-036K
TLE1=1 42774U 17036K   17186.12222971  .00001627  00000-0  78969-4 0  9999
TLE2=2 42774  97.4493 245.7341 0014520 192.6811 167.4060 15.19825644  1750
