[Satellite]
VERSION=1.1
NAME=2017-036L
NICKNAME=2017-036L
TLE1=1 42775U 17036L   17186.12133294  .00000732  00000-0  37201-4 0  9999
TLE2=2 42775  97.4492 245.7352 0014136 191.6549 168.4361 15.19933026  1762
