[Satellite]
VERSION=1.1
NAME=2017-036Q
NICKNAME=2017-036Q
TLE1=1 42779U 17036Q   17186.11766111  .00001294  00000-0  62456-4 0  9996
TLE2=2 42779  97.4494 245.7407 0012377 202.7035 157.3654 15.20406332  1745
