[Satellite]
VERSION=1.1
NAME=2017-036M
NICKNAME=2017-036M
TLE1=1 42776U 17036M   17186.12104372  .00000724  00000-0  36811-4 0  9992
TLE2=2 42776  97.4493 245.7361 0014006 191.9047 168.1859 15.19969564  1761
