[Satellite]
VERSION=1.1
NAME=2017-036H
NICKNAME=2017-036H
TLE1=1 42772U 17036H   17186.12282432  .00001502  00000-0  73300-4 0  9991
TLE2=2 42772  97.4489 245.7326 0014860 192.5809 167.5057 15.19750446  1764
