[Satellite]
VERSION=1.1
NAME=2017-036Z
NICKNAME=2017-036Z
TLE1=1 42788U 17036Z   17186.11587640  .00001175  00000-0  56653-4 0  9994
TLE2=2 42788  97.4491 245.7422 0011620 204.8221 155.2457 15.20632773  1826
