[Satellite]
VERSION=1.1
NAME=2017-036S
NICKNAME=2017-036S
TLE1=1 42781U 17036S   17186.11730486  .00001356  00000-0  65239-4 0  9996
TLE2=2 42781  97.4491 245.7402 0012184 202.6346 157.4353 15.20451745  1745
