[Satellite]
VERSION=1.1
NAME=2017-036R
NICKNAME=2017-036R
TLE1=1 42780U 17036R   17186.11740876  .00001306  00000-0  62950-4 0  9991
TLE2=2 42780  97.4492 245.7403 0012242 202.5886 157.4812 15.20438871  1755
