[Satellite]
VERSION=1.1
NAME=2017-036AA
NICKNAME=2017-036AA
TLE1=1 42789U 17036AA  17186.11553181  .00001134  00000-0  54726-4 0  9992
TLE2=2 42789  97.4491 245.7424 0011434 204.7105 155.3584 15.20676232  1743
