[Satellite]
VERSION=1.1
NAME=2017-036V
NICKNAME=2017-036V
TLE1=1 42784U 17036V   17186.11652970  .00000999  00000-0  48771-4 0  9994
TLE2=2 42784  97.4492 245.7416 0011967 204.7963 155.2699 15.20547066  1752
