[Satellite]
VERSION=1.1
NAME=2017-036X
NICKNAME=2017-036X
TLE1=1 42786U 17036X   17186.11604753  .00000856  00000-0  42162-4 0  9992
TLE2=2 42786  97.4492 245.7422 0011696 204.8976 155.1696 15.20606952  1829
