[Satellite]
VERSION=1.1
NAME=2017-036U
NICKNAME=2017-036U
TLE1=1 42783U 17036U   17186.11671791  .00000816  00000-0  40423-4 0  9999
TLE2=2 42783  97.4491 245.7411 0012035 204.6064 155.4598 15.20521039  1755
