[Satellite]
VERSION=1.1
NAME=2017-036Y
NICKNAME=2017-036Y
TLE1=1 42787U 17036Y   17186.11586406  .00001922  00000-0  90663-4 0  9991
TLE2=2 42787  97.4493 245.7421 0011643 204.5104 155.5580 15.20640966  1595
