[Satellite]
VERSION=1.1
NAME=2017-036T
NICKNAME=2017-036T
TLE1=1 42782U 17036T   17186.11708359  .00001334  00000-0  64186-4 0  9997
TLE2=2 42782  97.4493 245.7409 0012065 202.5217 157.5490 15.20479918  1744
