[Satellite]
VERSION=1.1
NAME=2017-036W
NICKNAME=2017-036W
TLE1=1 42785U 17036W   17186.11642081  .00000861  00000-0  42458-4 0  9991
TLE2=2 42785  97.4493 245.7419 0011897 204.6438 155.4230 15.20559137  1828
