[Satellite]
VERSION=1.1
NAME=2017-036AD
NICKNAME=2017-036AD
TLE1=1 42792U 17036AD  17186.11459043  .00001170  00000-0  56174-4 0  9997
TLE2=2 42792  97.4488 245.7430 0010966 205.8123 154.2566 15.20796674  1753
