[Satellite]
VERSION=1.1
NAME=2017-036AB
NICKNAME=2017-036AB
TLE1=1 42790U 17036AB  17186.11501955  .00001316  00000-0  62887-4 0  9995
TLE2=2 42790  97.4488 245.7425 0011168 204.9371 155.1326 15.20743875  1743
