[Satellite]
VERSION=1.1
NAME=2017-036AF
NICKNAME=2017-036AF
TLE1=1 42794U 17036AF  17186.11229524  .00000684  00000-0  33880-4 0  9996
TLE2=2 42794  97.4485 245.7455 0009223 202.4596 157.6237 15.21084049  1748
