[Satellite]
VERSION=1.1
NAME=2017-036AG
NICKNAME=2017-036AG
TLE1=1 42795U 17036AG  17186.11206611  .00001601  00000-0  75088-4 0  9995
TLE2=2 42795  97.4483 245.7449 0009137 201.6597 158.4253 15.21086365  1746
