[Satellite]
VERSION=1.1
NAME=2017-036AH
NICKNAME=2017-036AH
TLE1=1 42796U 17036AH  17186.11554342  .00001050  00000-0  50893-4 0  9998
TLE2=2 42796  97.4490 245.7424 0011421 204.6385 155.4306 15.20673936  1757
