[Satellite]
VERSION=1.1
NAME=2017-036AE
NICKNAME=2017-036AE
TLE1=1 42793U 17036AE  17186.24448626  .00000817  00000-0  39936-4 0  9991
TLE2=2 42793  97.4488 245.8753 0010002 205.6252 154.4489 15.21007183  1842
