[Satellite]
VERSION=1.1
NAME=2017-036AC
NICKNAME=2017-036AC
TLE1=1 42791U 17036AC  17186.24627706  .00001082  00000-0  52193-4 0  9992
TLE2=2 42791  97.4490 245.8736 0011014 204.9343 155.1362 15.20783934  1753
